elapsed_s,robot,selected_event,uncontrollable_events,raw_zone
0.140,robot_2,EV_u_turn,EV_path_clear,CLEAR
3.542,robot_2,EV_rotate_counterclockwise,EV_path_clear,CLEAR
3.643,robot_2,EV_u_turn,EV_path_clear,CLEAR
3.740,robot_2,EV_approach_color,EV_path_clear,CLEAR
4.043,robot_2,EV_u_turn,EV_path_clear,CLEAR
4.140,robot_2,EV_approach_color,EV_path_clear,CLEAR
4.342,robot_2,EV_rotate_clockwise,EV_path_clear,CLEAR
4.542,robot_2,EV_move_backward,EV_path_clear,CLEAR
4.842,robot_2,EV_move_backward,EV_blue_not_visible|EV_path_clear|EV_red_not_visible|EV_green_not_visible,CLEAR
5.142,robot_2,EV_approach_color,EV_blue_not_visible|EV_path_clear|EV_red_not_visible|EV_green_reached,CLEAR
5.448,robot_2,EV_rotate_clockwise,EV_path_clear,CLEAR
5.642,robot_2,EV_search_color,EV_blue_not_visible|EV_path_clear|EV_red_not_visible|EV_green_reached,CLEAR
5.845,robot_2,EV_u_turn,EV_path_clear,CLEAR
9.041,robot_2,EV_move_forward,EV_blue_not_visible|EV_path_clear|EV_red_visible|EV_green_visible,CLEAR
9.243,robot_2,EV_approach_color,EV_path_clear,CLEAR
9.444,robot_2,EV_move_backward,EV_blue_not_visible|EV_path_clear|EV_red_visible|EV_green_reached,CLEAR
9.648,robot_2,EV_move_backward,EV_path_clear,CLEAR
9.944,robot_2,EV_rotate_counterclockwise,EV_blue_not_visible|EV_path_clear|EV_red_visible|EV_green_reached,CLEAR
10.146,robot_2,EV_search_color,EV_path_clear,CLEAR
10.345,robot_2,EV_rotate_counterclockwise,EV_blue_not_visible|EV_path_clear|EV_red_visible|EV_green_reached,CLEAR
10.541,robot_2,EV_move_forward,EV_path_clear,CLEAR
10.841,robot_2,EV_rotate_clockwise,EV_blue_not_visible|EV_obstacle_right|EV_red_not_visible|EV_green_reached,RIGHT
13.549,robot_2,EV_rotate_clockwise,EV_blue_not_visible|EV_path_clear|EV_red_visible|EV_green_visible,CLEAR
13.746,robot_2,EV_approach_color,EV_path_clear,CLEAR
13.954,robot_2,EV_rotate_counterclockwise,EV_blue_not_visible|EV_path_clear|EV_red_visible|EV_green_visible,CLEAR
14.146,robot_2,EV_move_forward,EV_path_clear,CLEAR
14.443,robot_2,EV_move_backward,EV_blue_not_visible|EV_path_clear|EV_red_visible|EV_green_visible,CLEAR
14.743,robot_2,EV_rotate_counterclockwise,EV_path_clear,CLEAR
14.946,robot_2,EV_move_forward,EV_blue_not_visible|EV_path_clear|EV_red_visible|EV_green_visible,CLEAR
15.245,robot_2,EV_move_backward,EV_path_clear,CLEAR
15.456,robot_2,EV_u_turn,EV_blue_not_visible|EV_path_clear|EV_red_visible|EV_green_not_visible,CLEAR
19.145,robot_2,EV_move_forward,EV_blue_not_visible|EV_path_clear|EV_red_visible|EV_green_visible,CLEAR
19.452,robot_2,EV_move_backward,EV_path_clear,CLEAR
19.744,robot_2,EV_search_color,EV_blue_visible|EV_path_clear|EV_red_not_visible|EV_green_visible,CLEAR
19.944,robot_2,EV_move_forward,EV_path_clear,CLEAR
20.147,robot_2,EV_move_backward,EV_blue_visible|EV_path_clear|EV_red_not_visible|EV_green_visible,CLEAR
20.440,robot_2,EV_rotate_clockwise,EV_path_clear,CLEAR
20.548,robot_2,EV_move_forward,EV_blue_visible|EV_path_clear|EV_red_not_visible|EV_green_not_visible,CLEAR
20.845,robot_2,EV_u_turn,EV_path_clear,CLEAR
20.940,robot_2,EV_search_color,EV_path_clear,CLEAR
21.045,robot_2,EV_rotate_counterclockwise,EV_path_clear,CLEAR
21.146,robot_2,EV_rotate_counterclockwise,EV_blue_visible|EV_path_clear|EV_red_not_visible|EV_green_not_visible,CLEAR
21.351,robot_2,EV_approach_color,EV_path_clear,CLEAR
21.641,robot_2,EV_u_turn,EV_blue_visible|EV_path_clear|EV_red_not_visible|EV_green_not_visible,CLEAR
24.943,robot_2,EV_move_backward,EV_blue_visible|EV_path_clear|EV_red_visible|EV_green_not_visible,CLEAR
25.244,robot_2,EV_rotate_counterclockwise,EV_blue_not_visible|EV_path_clear|EV_red_visible|EV_green_not_visible,CLEAR
25.348,robot_2,EV_rotate_clockwise,EV_path_clear,CLEAR
25.452,robot_2,EV_approach_color,EV_blue_not_visible|EV_path_clear|EV_red_visible|EV_green_not_visible,CLEAR
25.749,robot_2,EV_move_forward,EV_path_clear,CLEAR
26.044,robot_2,EV_move_backward,EV_blue_not_visible|EV_path_clear|EV_red_visible|EV_green_not_visible,CLEAR
26.247,robot_2,EV_rotate_counterclockwise,EV_path_clear,CLEAR
26.352,robot_2,EV_rotate_clockwise,EV_blue_not_visible|EV_path_clear|EV_red_visible|EV_green_not_visible,CLEAR
26.541,robot_2,EV_rotate_clockwise,EV_path_clear,CLEAR
26.649,robot_2,EV_move_backward,EV_path_clear,CLEAR
26.940,robot_2,EV_rotate_counterclockwise,EV_blue_not_visible|EV_path_clear|EV_red_visible|EV_green_not_visible,CLEAR
29.647,robot_2,EV_move_backward,EV_blue_not_visible|EV_path_clear|EV_red_visible|EV_green_visible,CLEAR
29.849,robot_2,EV_u_turn,EV_blue_not_visible|EV_path_clear|EV_red_visible|EV_green_visible,CLEAR
33.644,robot_2,EV_approach_color,EV_blue_visible|EV_path_clear|EV_red_not_visible|EV_green_not_visible,CLEAR
33.945,robot_2,EV_u_turn,EV_blue_visible|EV_path_clear|EV_red_not_visible|EV_green_not_visible,CLEAR
34.048,robot_2,EV_u_turn,EV_path_clear,CLEAR
34.142,robot_2,EV_u_turn,EV_blue_visible|EV_path_clear|EV_red_not_visible|EV_green_not_visible,CLEAR
34.245,robot_2,EV_move_backward,EV_path_clear,CLEAR
34.447,robot_2,EV_approach_color,EV_path_clear,CLEAR
34.649,robot_2,EV_rotate_counterclockwise,EV_path_clear,CLEAR
34.750,robot_2,EV_move_backward,EV_blue_visible|EV_path_clear|EV_red_not_visible|EV_green_not_visible,CLEAR
35.040,robot_2,EV_approach_color,EV_path_clear,CLEAR
35.250,robot_2,EV_move_forward,EV_path_clear,CLEAR
35.546,robot_2,EV_rotate_counterclockwise,EV_blue_visible|EV_path_clear|EV_red_not_visible|EV_green_not_visible,CLEAR
35.651,robot_2,EV_rotate_counterclockwise,EV_path_clear,CLEAR
35.843,robot_2,EV_move_forward,EV_blue_not_visible|EV_path_clear|EV_red_not_visible|EV_green_not_visible,CLEAR
36.059,robot_2,EV_move_backward,EV_path_clear,CLEAR
36.340,robot_2,EV_approach_color,EV_blue_not_visible|EV_path_clear|EV_red_not_visible|EV_green_not_visible,CLEAR
36.644,robot_2,EV_u_turn,EV_path_clear,CLEAR
40.244,robot_2,EV_move_backward,EV_blue_not_visible|EV_path_clear|EV_red_visible|EV_green_visible,CLEAR
40.543,robot_2,EV_approach_color,EV_path_clear,CLEAR
40.842,robot_2,EV_rotate_counterclockwise,EV_blue_not_visible|EV_path_clear|EV_red_visible|EV_green_visible,CLEAR
40.953,robot_2,EV_move_backward,EV_path_clear,CLEAR
41.242,robot_2,EV_rotate_counterclockwise,EV_blue_not_visible|EV_path_clear|EV_red_not_visible|EV_green_visible,CLEAR
41.452,robot_2,EV_approach_color,EV_path_clear,CLEAR
41.740,robot_2,EV_search_color,EV_blue_not_visible|EV_path_clear|EV_red_not_visible|EV_green_visible,CLEAR
41.845,robot_2,EV_approach_color,EV_path_clear,CLEAR
42.140,robot_2,EV_u_turn,EV_blue_not_visible|EV_path_clear|EV_red_not_visible|EV_green_visible,CLEAR
42.240,robot_2,EV_approach_color,EV_path_clear,CLEAR
42.443,robot_2,EV_rotate_clockwise,EV_blue_not_visible|EV_path_clear|EV_red_not_visible|EV_green_visible,CLEAR
42.643,robot_2,EV_rotate_counterclockwise,EV_path_clear,CLEAR
42.744,robot_2,EV_rotate_clockwise,EV_path_clear,CLEAR
42.940,robot_2,EV_rotate_clockwise,EV_blue_not_visible|EV_path_clear|EV_red_not_visible|EV_green_visible,CLEAR
43.147,robot_2,EV_rotate_counterclockwise,EV_path_clear,CLEAR
43.342,robot_2,EV_search_color,EV_blue_not_visible|EV_path_clear|EV_red_not_visible|EV_green_visible,CLEAR
43.452,robot_2,EV_move_forward,EV_path_clear,CLEAR
43.746,robot_2,EV_approach_color,EV_path_clear,CLEAR
44.041,robot_2,EV_move_forward,EV_blue_not_visible|EV_path_clear|EV_red_not_visible|EV_green_visible,CLEAR
44.340,robot_2,EV_u_turn,EV_blue_not_visible|EV_path_clear|EV_red_not_visible|EV_green_visible,CLEAR
47.543,robot_2,EV_move_forward,EV_blue_visible|EV_path_clear|EV_red_not_visible|EV_green_reached,CLEAR
47.843,robot_2,EV_move_forward,EV_blue_visible|EV_path_clear|EV_red_not_visible|EV_green_reached,CLEAR
48.142,robot_2,EV_search_color,EV_blue_visible|EV_path_clear|EV_red_not_visible|EV_green_not_visible,CLEAR
48.345,robot_2,EV_search_color,EV_path_clear,CLEAR
48.544,robot_2,EV_u_turn,EV_path_clear,CLEAR
48.641,robot_2,EV_move_forward,EV_blue_visible|EV_path_clear|EV_red_not_visible|EV_green_not_visible,CLEAR
48.843,robot_2,EV_search_color,EV_path_clear,CLEAR
49.045,robot_2,EV_u_turn,EV_blue_visible|EV_path_clear|EV_red_not_visible|EV_green_not_visible,CLEAR
49.143,robot_2,EV_u_turn,EV_path_clear,CLEAR
49.244,robot_2,EV_rotate_counterclockwise,EV_path_clear,CLEAR
49.445,robot_2,EV_search_color,EV_blue_visible|EV_path_clear|EV_red_not_visible|EV_green_not_visible,CLEAR
49.647,robot_2,EV_move_backward,EV_path_clear,CLEAR
49.946,robot_2,EV_search_color,EV_blue_visible|EV_path_clear|EV_red_not_visible|EV_green_not_visible,CLEAR
50.142,robot_2,EV_search_color,EV_path_clear,CLEAR
50.248,robot_2,EV_search_color,EV_blue_visible|EV_path_clear|EV_red_not_visible|EV_green_not_visible,CLEAR
50.350,robot_2,EV_move_backward,EV_path_clear,CLEAR
50.649,robot_2,EV_rotate_clockwise,EV_path_clear,CLEAR
50.850,robot_2,EV_u_turn,EV_blue_not_visible|EV_path_clear|EV_red_not_visible|EV_green_not_visible,CLEAR
53.945,robot_2,EV_rotate_clockwise,EV_blue_not_visible|EV_path_clear|EV_red_visible|EV_green_visible,CLEAR
54.145,robot_2,EV_u_turn,EV_path_clear,CLEAR
54.243,robot_2,EV_move_backward,EV_path_clear,CLEAR
54.541,robot_2,EV_u_turn,EV_blue_not_visible|EV_path_clear|EV_red_visible|EV_green_visible,CLEAR
54.640,robot_2,EV_rotate_clockwise,EV_path_clear,CLEAR
54.748,robot_2,EV_approach_color,EV_path_clear,CLEAR
55.042,robot_2,EV_move_forward,EV_blue_not_visible|EV_path_clear|EV_red_not_visible|EV_green_visible,CLEAR
55.343,robot_2,EV_u_turn,EV_blue_not_visible|EV_path_clear|EV_red_not_visible|EV_green_visible,CLEAR
55.441,robot_2,EV_u_turn,EV_path_clear,CLEAR
55.546,robot_2,EV_approach_color,EV_path_clear,CLEAR
55.843,robot_2,EV_search_color,EV_blue_not_visible|EV_path_clear|EV_red_not_visible|EV_green_visible,CLEAR
56.047,robot_2,EV_move_forward,EV_path_clear,CLEAR
56.342,robot_2,EV_u_turn,EV_blue_not_visible|EV_path_clear|EV_red_not_visible|EV_green_visible,CLEAR
59.646,robot_2,EV_move_backward,EV_blue_visible|EV_path_clear|EV_red_not_visible|EV_green_reached,CLEAR
59.942,robot_2,EV_move_backward,EV_blue_visible|EV_path_clear|EV_red_not_visible|EV_green_reached,CLEAR
60.244,robot_2,EV_search_color,EV_blue_visible|EV_path_clear|EV_red_not_visible|EV_green_reached,CLEAR
60.451,robot_2,EV_rotate_counterclockwise,EV_path_clear,CLEAR
60.646,robot_2,EV_approach_color,EV_blue_visible|EV_path_clear|EV_red_not_visible|EV_green_reached,CLEAR
60.950,robot_2,EV_search_color,EV_path_clear,CLEAR
61.147,robot_2,EV_u_turn,EV_blue_visible|EV_path_clear|EV_red_not_visible|EV_green_reached,CLEAR
61.252,robot_2,EV_approach_color,EV_path_clear,CLEAR
61.542,robot_2,EV_search_color,EV_blue_not_visible|EV_path_clear|EV_red_not_visible|EV_green_reached,CLEAR
61.741,robot_2,EV_rotate_clockwise,EV_path_clear,CLEAR
61.844,robot_2,EV_approach_color,EV_path_clear,CLEAR
62.050,robot_2,EV_approach_color,EV_blue_not_visible|EV_path_clear|EV_red_not_visible|EV_green_reached,CLEAR
62.349,robot_2,EV_u_turn,EV_path_clear,CLEAR
65.554,robot_2,EV_search_color,EV_blue_not_visible|EV_path_clear|EV_red_visible|EV_green_reached,CLEAR
65.658,robot_2,EV_rotate_clockwise,EV_path_clear,CLEAR
65.841,robot_2,EV_move_backward,EV_blue_not_visible|EV_path_clear|EV_red_not_visible|EV_green_reached,CLEAR
66.145,robot_2,EV_rotate_clockwise,EV_path_clear,CLEAR
66.340,robot_2,EV_move_forward,EV_blue_not_visible|EV_path_clear|EV_red_not_visible|EV_green_reached,CLEAR
66.555,robot_2,EV_approach_color,EV_path_clear,CLEAR
66.846,robot_2,EV_rotate_counterclockwise,EV_blue_not_visible|EV_path_clear|EV_red_not_visible|EV_green_reached,CLEAR
66.950,robot_2,EV_approach_color,EV_path_clear,CLEAR
67.151,robot_2,EV_u_turn,EV_path_clear,CLEAR
67.240,robot_2,EV_move_backward,EV_blue_not_visible|EV_path_clear|EV_red_not_visible|EV_green_reached,CLEAR
67.548,robot_2,EV_move_forward,EV_path_clear,CLEAR
67.840,robot_2,EV_approach_color,EV_blue_not_visible|EV_path_clear|EV_red_not_visible|EV_green_reached,CLEAR
68.043,robot_2,EV_rotate_counterclockwise,EV_path_clear,CLEAR
68.246,robot_2,EV_move_backward,EV_blue_not_visible|EV_path_clear|EV_red_not_visible|EV_green_reached,CLEAR
68.540,robot_2,EV_move_forward,EV_path_clear,CLEAR
68.744,robot_2,EV_rotate_counterclockwise,EV_blue_not_visible|EV_path_clear|EV_red_not_visible|EV_green_reached,CLEAR
68.846,robot_2,EV_move_forward,EV_path_clear,CLEAR
69.145,robot_2,EV_move_forward,EV_blue_not_visible|EV_path_clear|EV_red_not_visible|EV_green_reached,CLEAR
69.351,robot_2,EV_rotate_clockwise,EV_path_clear,CLEAR
69.554,robot_2,EV_rotate_clockwise,EV_blue_not_visible|EV_path_clear|EV_red_not_visible|EV_green_reached,CLEAR
69.747,robot_2,EV_rotate_clockwise,EV_path_clear,CLEAR
69.945,robot_2,EV_rotate_clockwise,EV_path_clear,CLEAR
70.054,robot_2,EV_approach_color,EV_blue_not_visible|EV_path_clear|EV_red_not_visible|EV_green_reached,CLEAR
70.350,robot_2,EV_search_color,EV_path_clear,CLEAR
70.450,robot_2,EV_u_turn,EV_path_clear,CLEAR
73.745,robot_2,EV_u_turn,EV_blue_visible|EV_path_clear|EV_red_not_visible|EV_green_reached,CLEAR
73.841,robot_2,EV_move_forward,EV_blue_visible|EV_path_clear|EV_red_not_visible|EV_green_reached,CLEAR
74.051,robot_2,EV_rotate_clockwise,EV_path_clear,CLEAR
74.256,robot_2,EV_rotate_counterclockwise,EV_blue_visible|EV_path_clear|EV_red_not_visible|EV_green_reached,CLEAR
74.443,robot_2,EV_search_color,EV_path_clear,CLEAR
74.647,robot_2,EV_u_turn,EV_path_clear,CLEAR
74.743,robot_2,EV_move_backward,EV_path_clear,CLEAR
75.044,robot_2,EV_u_turn,EV_blue_visible|EV_path_clear|EV_red_not_visible|EV_green_reached,CLEAR
75.147,robot_2,EV_approach_color,EV_path_clear,CLEAR
75.445,robot_2,EV_rotate_counterclockwise,EV_blue_not_visible|EV_path_clear|EV_red_not_visible|EV_green_reached,CLEAR
75.658,robot_2,EV_rotate_counterclockwise,EV_blue_not_visible|EV_path_clear|EV_red_visible|EV_green_reached,CLEAR
75.841,robot_2,EV_move_backward,EV_path_clear,CLEAR
76.044,robot_2,EV_rotate_clockwise,EV_path_clear,CLEAR
76.146,robot_2,EV_u_turn,EV_blue_not_visible|EV_path_clear|EV_red_visible|EV_green_reached,CLEAR
79.649,robot_2,EV_search_color,EV_blue_not_visible|EV_obstacle_left|EV_red_visible|EV_green_reached,LEFT
82.348,robot_2,EV_rotate_clockwise,EV_blue_not_visible|EV_path_clear|EV_red_not_visible|EV_green_reached,CLEAR
82.543,robot_2,EV_rotate_counterclockwise,EV_blue_not_visible|EV_path_clear|EV_red_not_visible|EV_green_reached,CLEAR
82.745,robot_2,EV_rotate_counterclockwise,EV_path_clear,CLEAR
82.941,robot_2,EV_move_backward,EV_blue_not_visible|EV_path_clear|EV_red_not_visible|EV_green_reached,CLEAR
83.249,robot_2,EV_rotate_clockwise,EV_path_clear,CLEAR
83.445,robot_2,EV_approach_color,EV_blue_not_visible|EV_path_clear|EV_red_visible|EV_green_reached,CLEAR
83.761,robot_2,EV_rotate_counterclockwise,EV_blue_not_visible|EV_path_clear|EV_red_visible|EV_green_reached,CLEAR
83.945,robot_2,EV_approach_color,EV_path_clear,CLEAR
84.147,robot_2,EV_search_color,EV_path_clear,CLEAR
84.248,robot_2,EV_move_forward,EV_blue_not_visible|EV_obstacle_left|EV_red_visible|EV_green_reached,LEFT
84.550,robot_2,EV_rotate_counterclockwise,EV_obstacle_left,LEFT
84.744,robot_2,EV_approach_color,EV_blue_not_visible|EV_path_clear|EV_red_visible|EV_green_reached,CLEAR
84.946,robot_2,EV_rotate_clockwise,EV_path_clear,CLEAR
85.144,robot_2,EV_rotate_counterclockwise,EV_blue_not_visible|EV_path_clear|EV_red_visible|EV_green_reached,CLEAR
85.344,robot_2,EV_approach_color,EV_path_clear,CLEAR
85.645,robot_2,EV_rotate_counterclockwise,EV_blue_not_visible|EV_path_clear|EV_red_visible|EV_green_reached,CLEAR
85.845,robot_2,EV_search_color,EV_path_clear,CLEAR
86.047,robot_2,EV_search_color,EV_blue_not_visible|EV_path_clear|EV_red_visible|EV_green_reached,CLEAR
86.246,robot_2,EV_rotate_clockwise,EV_path_clear,CLEAR
86.440,robot_2,EV_move_forward,EV_blue_not_visible|EV_path_clear|EV_red_visible|EV_green_reached,CLEAR
86.654,robot_2,EV_move_backward,EV_path_clear,CLEAR
86.942,robot_2,EV_move_backward,EV_blue_not_visible|EV_obstacle_left|EV_red_visible|EV_green_reached,LEFT
87.242,robot_2,EV_move_forward,EV_blue_not_visible|EV_obstacle_left|EV_red_visible|EV_green_reached,LEFT
87.449,robot_2,EV_move_forward,EV_obstacle_left,LEFT
87.741,robot_2,EV_rotate_counterclockwise,EV_blue_not_visible|EV_obstacle_left|EV_red_visible|EV_green_reached,LEFT
87.848,robot_2,EV_move_backward,EV_obstacle_left,LEFT
88.142,robot_2,EV_u_turn,EV_blue_not_visible|EV_obstacle_left|EV_red_visible|EV_green_reached,LEFT
91.346,robot_2,EV_rotate_clockwise,EV_blue_visible|EV_path_clear|EV_red_not_visible|EV_green_reached,CLEAR
91.541,robot_2,EV_rotate_clockwise,EV_path_clear|EV_red_not_visible|EV_green_reached,CLEAR
91.742,robot_2,EV_rotate_clockwise,EV_blue_visible|EV_path_clear,CLEAR
91.946,robot_2,EV_search_color,EV_path_clear,CLEAR
92.050,robot_2,EV_move_forward,EV_blue_visible|EV_path_clear|EV_red_not_visible|EV_green_reached,CLEAR
92.345,robot_2,EV_search_color,EV_path_clear,CLEAR
92.546,robot_2,EV_move_backward,EV_blue_visible|EV_path_clear|EV_red_not_visible|EV_green_reached,CLEAR
92.848,robot_2,EV_u_turn,EV_blue_visible|EV_path_clear|EV_red_not_visible|EV_green_reached,CLEAR
92.940,robot_2,EV_rotate_clockwise,EV_path_clear,CLEAR
93.145,robot_2,EV_u_turn,EV_path_clear,CLEAR
93.248,robot_2,EV_approach_color,EV_path_clear,CLEAR
93.541,robot_2,EV_move_backward,EV_blue_visible|EV_path_clear|EV_red_not_visible|EV_green_reached,CLEAR
93.841,robot_2,EV_u_turn,EV_blue_visible|EV_path_clear|EV_red_not_visible|EV_green_reached,CLEAR
96.944,robot_2,EV_search_color,EV_blue_visible|EV_path_clear|EV_red_not_visible|EV_green_reached,CLEAR
97.052,robot_2,EV_u_turn,EV_blue_visible|EV_path_clear|EV_red_visible|EV_green_reached,CLEAR
97.144,robot_2,EV_u_turn,EV_path_clear,CLEAR
97.250,robot_2,EV_approach_color,EV_path_clear,CLEAR
97.544,robot_2,EV_approach_color,EV_blue_not_visible|EV_path_clear|EV_red_visible|EV_green_reached,CLEAR
97.840,robot_2,EV_rotate_counterclockwise,EV_path_clear,CLEAR
97.948,robot_2,EV_move_backward,EV_blue_not_visible|EV_path_clear|EV_red_visible|EV_green_reached,CLEAR
98.241,robot_2,EV_move_forward,EV_path_clear,CLEAR
98.449,robot_2,EV_search_color,EV_blue_not_visible|EV_path_clear|EV_red_visible|EV_green_reached,CLEAR
98.640,robot_2,EV_rotate_clockwise,EV_path_clear,CLEAR
98.747,robot_2,EV_search_color,EV_path_clear,CLEAR
98.850,robot_2,EV_u_turn,EV_blue_not_visible|EV_path_clear|EV_red_visible|EV_green_reached,CLEAR
98.943,robot_2,EV_rotate_counterclockwise,EV_path_clear,CLEAR
99.055,robot_2,EV_rotate_clockwise,EV_path_clear,CLEAR
99.249,robot_2,EV_move_backward,EV_blue_not_visible|EV_obstacle_left|EV_red_visible|EV_green_reached,LEFT
102.048,robot_2,EV_move_forward,EV_blue_not_visible|EV_path_clear|EV_red_visible|EV_green_reached,CLEAR
102.346,robot_2,EV_rotate_counterclockwise,EV_blue_not_visible|EV_path_clear|EV_red_visible|EV_green_reached,CLEAR
102.540,robot_2,EV_approach_color,EV_path_clear,CLEAR
102.753,robot_2,EV_move_forward,EV_blue_visible|EV_path_clear|EV_red_visible|EV_green_reached,CLEAR
103.043,robot_2,EV_u_turn,EV_path_clear,CLEAR
106.342,robot_2,EV_rotate_clockwise,EV_blue_not_visible|EV_path_clear|EV_red_visible|EV_green_visible,CLEAR
106.544,robot_2,EV_move_forward,EV_path_clear,CLEAR
106.747,robot_2,EV_u_turn,EV_blue_not_visible|EV_path_clear|EV_red_visible|EV_green_visible,CLEAR
106.847,robot_2,EV_move_forward,EV_path_clear,CLEAR
107.049,robot_2,EV_rotate_counterclockwise,EV_path_clear,CLEAR
107.240,robot_2,EV_move_backward,EV_blue_not_visible|EV_path_clear|EV_red_visible|EV_green_visible,CLEAR
107.446,robot_2,EV_rotate_clockwise,EV_blue_not_visible|EV_path_clear|EV_red_not_visible|EV_green_reached,CLEAR
107.642,robot_2,EV_u_turn,EV_path_clear,CLEAR
107.741,robot_2,EV_move_backward,EV_path_clear,CLEAR
107.949,robot_2,EV_u_turn,EV_blue_not_visible|EV_path_clear|EV_red_not_visible|EV_green_visible,CLEAR
108.047,robot_2,EV_rotate_counterclockwise,EV_path_clear,CLEAR
108.244,robot_2,EV_rotate_clockwise,EV_path_clear,CLEAR
108.348,robot_2,EV_rotate_clockwise,EV_blue_not_visible|EV_path_clear|EV_red_not_visible|EV_green_visible,CLEAR
108.542,robot_2,EV_approach_color,EV_path_clear,CLEAR
108.744,robot_2,EV_move_backward,EV_path_clear,CLEAR
109.052,robot_2,EV_rotate_clockwise,EV_blue_not_visible|EV_path_clear|EV_red_not_visible|EV_green_visible,CLEAR
109.251,robot_2,EV_approach_color,EV_path_clear,CLEAR
109.548,robot_2,EV_rotate_clockwise,EV_blue_not_visible|EV_path_clear|EV_red_not_visible|EV_green_visible,CLEAR
109.746,robot_2,EV_move_backward,EV_blue_not_visible|EV_path_clear|EV_red_not_visible|EV_green_reached,CLEAR
110.042,robot_2,EV_move_forward,EV_path_clear,CLEAR
110.245,robot_2,EV_move_backward,EV_blue_not_visible|EV_path_clear|EV_red_not_visible|EV_green_visible,CLEAR
110.541,robot_2,EV_rotate_clockwise,EV_path_clear,CLEAR
110.642,robot_2,EV_rotate_clockwise,EV_blue_not_visible|EV_path_clear|EV_red_not_visible|EV_green_visible,CLEAR
110.840,robot_2,EV_move_forward,EV_path_clear,CLEAR
111.142,robot_2,EV_move_forward,EV_blue_not_visible|EV_path_clear|EV_red_not_visible|EV_green_visible,CLEAR
111.346,robot_2,EV_rotate_counterclockwise,EV_path_clear,CLEAR
111.448,robot_2,EV_u_turn,EV_path_clear,CLEAR
114.642,robot_2,EV_move_forward,EV_blue_visible|EV_path_clear|EV_red_not_visible|EV_green_reached,CLEAR
114.845,robot_2,EV_approach_color,EV_path_clear,CLEAR
115.147,robot_2,EV_u_turn,EV_blue_visible|EV_path_clear|EV_red_not_visible|EV_green_reached,CLEAR
115.246,robot_2,EV_move_backward,EV_path_clear,CLEAR
115.540,robot_2,EV_approach_color,EV_blue_visible|EV_path_clear|EV_red_not_visible|EV_green_reached,CLEAR
115.849,robot_2,EV_approach_color,EV_path_clear,CLEAR
116.052,robot_2,EV_rotate_counterclockwise,EV_blue_visible|EV_path_clear|EV_red_not_visible|EV_green_reached,CLEAR
116.244,robot_2,EV_search_color,EV_path_clear,CLEAR
116.450,robot_2,EV_move_backward,EV_blue_visible|EV_path_clear|EV_red_not_visible|EV_green_not_visible,CLEAR
116.753,robot_2,EV_approach_color,EV_blue_visible|EV_path_clear|EV_red_not_visible|EV_green_not_visible,CLEAR
117.042,robot_2,EV_move_backward,EV_path_clear,CLEAR
117.244,robot_2,EV_u_turn,EV_blue_visible|EV_path_clear|EV_red_not_visible|EV_green_not_visible,CLEAR
120.342,robot_2,EV_approach_color,EV_blue_not_visible|EV_path_clear|EV_red_visible|EV_green_reached,CLEAR
120.646,robot_2,EV_search_color,EV_blue_not_visible|EV_path_clear|EV_red_visible|EV_green_reached,CLEAR
120.841,robot_2,EV_search_color,EV_path_clear,CLEAR
120.944,robot_2,EV_u_turn,EV_blue_not_visible|EV_path_clear|EV_red_visible|EV_green_reached,CLEAR
121.046,robot_2,EV_search_color,EV_path_clear,CLEAR
121.241,robot_2,EV_approach_color,EV_path_clear,CLEAR
121.547,robot_2,EV_move_backward,EV_blue_not_visible|EV_path_clear|EV_red_visible|EV_green_reached,CLEAR
121.840,robot_2,EV_u_turn,EV_blue_not_visible|EV_obstacle_right|EV_red_not_visible|EV_green_reached,RIGHT
121.941,robot_2,EV_rotate_counterclockwise,EV_obstacle_right,RIGHT
124.650,robot_2,EV_u_turn,EV_blue_not_visible|EV_path_clear|EV_red_not_visible|EV_green_visible,CLEAR
127.954,robot_2,EV_rotate_clockwise,EV_blue_visible|EV_path_clear|EV_red_visible|EV_green_not_visible,CLEAR
128.141,robot_2,EV_move_backward,EV_blue_not_visible|EV_path_clear|EV_red_visible|EV_green_not_visible,CLEAR
128.451,robot_2,EV_search_color,EV_blue_not_visible|EV_path_clear|EV_red_visible|EV_green_not_visible,CLEAR
128.646,robot_2,EV_move_forward,EV_path_clear,CLEAR
128.940,robot_2,EV_u_turn,EV_path_clear,CLEAR
129.042,robot_2,EV_rotate_clockwise,EV_blue_not_visible|EV_path_clear|EV_red_visible|EV_green_visible,CLEAR
129.241,robot_2,EV_rotate_clockwise,EV_path_clear,CLEAR
129.361,robot_2,EV_u_turn,EV_path_clear,CLEAR
129.445,robot_2,EV_rotate_counterclockwise,EV_path_clear,CLEAR
129.647,robot_2,EV_move_backward,EV_blue_not_visible|EV_obstacle_left|EV_red_visible|EV_green_reached,LEFT
129.949,robot_2,EV_rotate_clockwise,EV_obstacle_left,LEFT
132.847,robot_2,EV_rotate_counterclockwise,EV_blue_not_visible|EV_path_clear|EV_red_visible|EV_green_not_visible,CLEAR
133.045,robot_2,EV_search_color,EV_path_clear,CLEAR
133.149,robot_2,EV_rotate_clockwise,EV_path_clear,CLEAR
133.346,robot_2,EV_move_forward,EV_blue_visible|EV_path_clear|EV_red_visible|EV_green_not_visible,CLEAR
133.641,robot_2,EV_rotate_clockwise,EV_path_clear,CLEAR
133.844,robot_2,EV_u_turn,EV_blue_visible|EV_path_clear|EV_red_not_visible|EV_green_not_visible,CLEAR
137.347,robot_2,EV_search_color,EV_blue_not_visible|EV_path_clear|EV_red_visible|EV_green_visible,CLEAR
137.544,robot_2,EV_u_turn,EV_path_clear,CLEAR
137.647,robot_2,EV_approach_color,EV_path_clear,CLEAR
137.948,robot_2,EV_rotate_clockwise,EV_blue_not_visible|EV_path_clear|EV_red_visible|EV_green_visible,CLEAR
138.140,robot_2,EV_u_turn,EV_path_clear,CLEAR
138.255,robot_2,EV_u_turn,EV_path_clear,CLEAR
138.349,robot_2,EV_approach_color,EV_blue_not_visible|EV_path_clear|EV_red_visible|EV_green_visible,CLEAR
138.642,robot_2,EV_rotate_counterclockwise,EV_path_clear,CLEAR
138.756,robot_2,EV_approach_color,EV_blue_not_visible|EV_path_clear|EV_red_visible|EV_green_visible,CLEAR
139.041,robot_2,EV_rotate_counterclockwise,EV_path_clear,CLEAR
139.155,robot_2,EV_search_color,EV_path_clear,CLEAR
139.340,robot_2,EV_search_color,EV_blue_not_visible|EV_obstacle_left|EV_red_visible|EV_green_visible,LEFT
139.545,robot_2,EV_search_color,EV_obstacle_left,LEFT
139.740,robot_2,EV_move_forward,EV_path_clear,CLEAR
139.948,robot_2,EV_rotate_clockwise,EV_blue_not_visible|EV_path_clear|EV_red_visible|EV_green_visible,CLEAR
140.050,robot_2,EV_approach_color,EV_path_clear,CLEAR
140.346,robot_2,EV_approach_color,EV_blue_not_visible|EV_path_clear|EV_red_visible|EV_green_visible,CLEAR
140.648,robot_2,EV_approach_color,EV_path_clear,CLEAR
140.851,robot_2,EV_search_color,EV_blue_not_visible|EV_path_clear|EV_red_visible|EV_green_reached,CLEAR
141.062,robot_2,EV_rotate_clockwise,EV_path_clear,CLEAR
141.251,robot_2,EV_move_backward,EV_blue_not_visible|EV_path_clear|EV_red_visible|EV_green_reached,CLEAR
141.550,robot_2,EV_rotate_counterclockwise,EV_path_clear,CLEAR
141.745,robot_2,EV_u_turn,EV_blue_not_visible|EV_path_clear|EV_red_visible|EV_green_not_visible,CLEAR
145.255,robot_2,EV_u_turn,EV_blue_not_visible|EV_path_clear|EV_red_not_visible|EV_green_visible,CLEAR
145.354,robot_2,EV_rotate_counterclockwise,EV_blue_not_visible|EV_path_clear|EV_red_not_visible|EV_green_visible,CLEAR
145.540,robot_2,EV_u_turn,EV_path_clear,CLEAR
145.645,robot_2,EV_move_backward,EV_path_clear,CLEAR
145.853,robot_2,EV_search_color,EV_path_clear,CLEAR
146.046,robot_2,EV_rotate_clockwise,EV_blue_visible|EV_path_clear|EV_red_not_visible|EV_green_visible,CLEAR
146.242,robot_2,EV_rotate_clockwise,EV_path_clear,CLEAR
146.356,robot_2,EV_move_forward,EV_path_clear,CLEAR
146.641,robot_2,EV_move_backward,EV_blue_visible|EV_path_clear|EV_red_not_visible|EV_green_reached,CLEAR
146.851,robot_2,EV_search_color,EV_blue_visible|EV_path_clear|EV_red_not_visible|EV_green_not_visible,CLEAR
147.052,robot_2,EV_u_turn,EV_path_clear,CLEAR
147.144,robot_2,EV_u_turn,EV_path_clear,CLEAR
147.256,robot_2,EV_move_forward,EV_path_clear,CLEAR
147.541,robot_2,EV_rotate_counterclockwise,EV_blue_visible|EV_path_clear|EV_red_not_visible|EV_green_not_visible,CLEAR
147.740,robot_2,EV_move_forward,EV_path_clear,CLEAR
147.945,robot_2,EV_move_forward,EV_blue_visible|EV_path_clear|EV_red_not_visible|EV_green_not_visible,CLEAR
148.242,robot_2,EV_approach_color,EV_path_clear,CLEAR
148.445,robot_2,EV_search_color,EV_blue_visible|EV_path_clear|EV_red_not_visible|EV_green_not_visible,CLEAR
148.643,robot_2,EV_rotate_clockwise,EV_path_clear,CLEAR
148.752,robot_2,EV_approach_color,EV_path_clear,CLEAR
149.049,robot_2,EV_approach_color,EV_blue_visible|EV_path_clear|EV_red_not_visible|EV_green_not_visible,CLEAR
149.345,robot_2,EV_search_color,EV_blue_visible|EV_path_clear|EV_red_not_visible|EV_green_not_visible,CLEAR
149.546,robot_2,EV_approach_color,EV_path_clear,CLEAR
149.747,robot_2,EV_move_forward,EV_blue_visible|EV_path_clear|EV_red_not_visible|EV_green_not_visible,CLEAR
150.052,robot_2,EV_move_forward,EV_path_clear,CLEAR
150.344,robot_2,EV_search_color,EV_blue_visible|EV_obstacle_right|EV_red_not_visible|EV_green_not_visible,RIGHT
150.451,robot_2,EV_approach_color,EV_obstacle_right,RIGHT
150.655,robot_2,EV_search_color,EV_obstacle_right,RIGHT
150.757,robot_2,EV_move_backward,EV_obstacle_right|EV_red_not_visible|EV_blue_reached|EV_green_not_visible,RIGHT
151.042,robot_2,EV_u_turn,EV_obstacle_right,RIGHT
154.445,robot_2,EV_rotate_counterclockwise,EV_path_clear|EV_red_visible|EV_blue_reached|EV_green_visible,CLEAR
154.644,robot_2,EV_u_turn,EV_path_clear|EV_red_visible|EV_blue_reached|EV_green_visible,CLEAR
154.740,robot_2,EV_search_color,EV_path_clear,CLEAR
154.852,robot_2,EV_rotate_clockwise,EV_path_clear,CLEAR
155.051,robot_2,EV_move_backward,EV_path_clear,CLEAR
155.341,robot_2,EV_u_turn,EV_path_clear|EV_red_visible|EV_blue_reached|EV_green_visible,CLEAR
155.446,robot_2,EV_rotate_clockwise,EV_path_clear,CLEAR
155.556,robot_2,EV_rotate_counterclockwise,EV_path_clear,CLEAR
155.742,robot_2,EV_move_forward,EV_path_clear|EV_red_visible|EV_blue_reached|EV_green_visible,CLEAR
156.040,robot_2,EV_rotate_clockwise,EV_path_clear,CLEAR
156.151,robot_2,EV_move_forward,EV_path_clear,CLEAR
156.446,robot_2,EV_move_forward,EV_path_clear|EV_red_visible|EV_blue_reached|EV_green_visible,CLEAR
156.745,robot_2,EV_search_color,EV_blue_not_visible|EV_path_clear|EV_red_not_visible|EV_green_visible,CLEAR
156.943,robot_2,EV_search_color,EV_path_clear,CLEAR
157.142,robot_2,EV_rotate_clockwise,EV_path_clear,CLEAR
157.250,robot_2,EV_rotate_clockwise,EV_path_clear,CLEAR
157.444,robot_2,EV_rotate_clockwise,EV_blue_not_visible|EV_path_clear|EV_red_not_visible|EV_green_visible,CLEAR
157.547,robot_2,EV_move_forward,EV_path_clear,CLEAR
157.840,robot_2,EV_u_turn,EV_path_clear,CLEAR
161.250,robot_2,EV_move_forward,EV_blue_visible|EV_path_clear|EV_red_not_visible|EV_green_not_visible,CLEAR
161.558,robot_2,EV_move_forward,EV_path_clear,CLEAR
161.843,robot_2,EV_approach_color,EV_blue_visible|EV_path_clear|EV_red_not_visible|EV_green_not_visible,CLEAR
162.050,robot_2,EV_move_forward,EV_blue_visible|EV_path_clear|EV_red_not_visible|EV_green_not_visible,CLEAR
162.346,robot_2,EV_search_color,EV_path_clear,CLEAR
162.448,robot_2,EV_move_backward,EV_path_clear,CLEAR
162.741,robot_2,EV_u_turn,EV_blue_visible|EV_path_clear|EV_red_not_visible|EV_green_not_visible,CLEAR
162.840,robot_2,EV_rotate_counterclockwise,EV_path_clear,CLEAR
162.946,robot_2,EV_rotate_counterclockwise,EV_path_clear,CLEAR
163.155,robot_2,EV_rotate_counterclockwise,EV_blue_not_visible|EV_path_clear|EV_red_not_visible|EV_green_not_visible,CLEAR
163.346,robot_2,EV_approach_color,EV_path_clear,CLEAR
163.554,robot_2,EV_rotate_clockwise,EV_path_clear,CLEAR
163.743,robot_2,EV_search_color,EV_blue_not_visible|EV_path_clear|EV_red_not_visible|EV_green_not_visible,CLEAR
163.850,robot_2,EV_rotate_counterclockwise,EV_path_clear,CLEAR
164.040,robot_2,EV_move_forward,EV_path_clear,CLEAR
164.240,robot_2,EV_move_forward,EV_blue_not_visible|EV_path_clear|EV_red_not_visible|EV_green_not_visible,CLEAR
164.443,robot_2,EV_approach_color,EV_path_clear,CLEAR
164.746,robot_2,EV_approach_color,EV_blue_not_visible|EV_path_clear|EV_red_not_visible|EV_green_not_visible,CLEAR
165.055,robot_2,EV_approach_color,EV_blue_not_visible|EV_path_clear|EV_red_not_visible|EV_green_not_visible,CLEAR
165.346,robot_2,EV_approach_color,EV_path_clear,CLEAR
165.549,robot_2,EV_rotate_clockwise,EV_path_clear,CLEAR
165.742,robot_2,EV_rotate_counterclockwise,EV_blue_not_visible|EV_path_clear|EV_red_not_visible|EV_green_not_visible,CLEAR
165.848,robot_2,EV_move_backward,EV_path_clear,CLEAR
166.051,robot_2,EV_u_turn,EV_path_clear,CLEAR
169.943,robot_2,EV_u_turn,EV_blue_not_visible|EV_path_clear|EV_red_visible|EV_green_visible,CLEAR
170.040,robot_2,EV_u_turn,EV_blue_not_visible|EV_path_clear|EV_red_visible|EV_green_visible,CLEAR
170.142,robot_2,EV_u_turn,EV_path_clear,CLEAR
170.247,robot_2,EV_rotate_clockwise,EV_path_clear,CLEAR
170.447,robot_2,EV_move_backward,EV_path_clear,CLEAR
170.742,robot_2,EV_u_turn,EV_blue_not_visible|EV_path_clear|EV_red_visible|EV_green_visible,CLEAR
170.845,robot_2,EV_search_color,EV_path_clear,CLEAR
170.952,robot_2,EV_approach_color,EV_path_clear,CLEAR
171.249,robot_2,EV_search_color,EV_blue_not_visible|EV_path_clear|EV_red_not_visible|EV_green_visible,CLEAR
171.449,robot_2,EV_approach_color,EV_path_clear,CLEAR
171.741,robot_2,EV_move_backward,EV_blue_not_visible|EV_path_clear|EV_red_not_visible|EV_green_visible,CLEAR
172.041,robot_2,EV_rotate_clockwise,EV_path_clear,CLEAR
172.149,robot_2,EV_move_backward,EV_path_clear,CLEAR
172.444,robot_2,EV_rotate_counterclockwise,EV_blue_not_visible|EV_path_clear|EV_red_not_visible|EV_green_visible,CLEAR
172.643,robot_2,EV_rotate_counterclockwise,EV_path_clear,CLEAR
172.745,robot_2,EV_move_forward,EV_path_clear,CLEAR
172.947,robot_2,EV_move_backward,EV_blue_not_visible|EV_path_clear|EV_red_not_visible|EV_green_visible,CLEAR
173.247,robot_2,EV_move_forward,EV_path_clear,CLEAR
173.448,robot_2,EV_u_turn,EV_path_clear,CLEAR
177.149,robot_2,EV_move_forward,EV_blue_visible|EV_path_clear|EV_red_not_visible|EV_green_not_visible,CLEAR
177.457,robot_2,EV_rotate_clockwise,EV_blue_visible|EV_path_clear|EV_red_not_visible|EV_green_not_visible,CLEAR
177.644,robot_2,EV_rotate_clockwise,EV_path_clear,CLEAR
177.745,robot_2,EV_u_turn,EV_path_clear,CLEAR
177.858,robot_2,EV_rotate_counterclockwise,EV_path_clear,CLEAR
178.048,robot_2,EV_move_backward,EV_blue_not_visible|EV_path_clear|EV_red_not_visible|EV_green_not_visible,CLEAR
178.344,robot_2,EV_approach_color,EV_path_clear,CLEAR
178.640,robot_2,EV_move_backward,EV_blue_not_visible|EV_path_clear|EV_red_not_visible|EV_green_not_visible,CLEAR
178.848,robot_2,EV_approach_color,EV_path_clear,CLEAR
179.142,robot_2,EV_u_turn,EV_blue_not_visible|EV_path_clear|EV_red_not_visible|EV_green_not_visible,CLEAR
179.253,robot_2,EV_u_turn,EV_path_clear,CLEAR
182.849,robot_2,EV_move_forward,EV_blue_not_visible|EV_path_clear|EV_red_visible|EV_green_visible,CLEAR
183.148,robot_2,EV_u_turn,EV_path_clear,CLEAR
183.246,robot_2,EV_rotate_clockwise,EV_blue_not_visible|EV_path_clear|EV_red_visible|EV_green_visible,CLEAR
183.440,robot_2,EV_approach_color,EV_path_clear,CLEAR
183.664,robot_2,EV_search_color,EV_path_clear,CLEAR
183.847,robot_2,EV_move_forward,EV_blue_not_visible|EV_path_clear|EV_red_visible|EV_green_visible,CLEAR
184.141,robot_2,EV_u_turn,EV_blue_not_visible|EV_path_clear|EV_red_visible|EV_green_visible,CLEAR
184.242,robot_2,EV_approach_color,EV_path_clear,CLEAR
184.450,robot_2,EV_rotate_clockwise,EV_path_clear,CLEAR
184.644,robot_2,EV_move_backward,EV_blue_not_visible|EV_path_clear|EV_red_not_visible|EV_green_visible,CLEAR
184.947,robot_2,EV_approach_color,EV_path_clear|EV_red_not_visible|EV_green_visible,CLEAR
185.240,robot_2,EV_approach_color,EV_blue_not_visible|EV_path_clear,CLEAR
185.446,robot_2,EV_rotate_clockwise,EV_blue_not_visible|EV_path_clear|EV_red_visible|EV_green_visible,CLEAR
185.551,robot_2,EV_rotate_counterclockwise,EV_path_clear,CLEAR
185.741,robot_2,EV_move_backward,EV_path_clear,CLEAR
186.040,robot_2,EV_approach_color,EV_blue_not_visible|EV_path_clear|EV_red_visible|EV_green_visible,CLEAR
186.252,robot_2,EV_approach_color,EV_path_clear,CLEAR
186.547,robot_2,EV_approach_color,EV_blue_not_visible|EV_path_clear|EV_red_visible|EV_green_visible,CLEAR
186.846,robot_2,EV_move_backward,EV_blue_not_visible|EV_path_clear|EV_red_visible|EV_green_visible,CLEAR
187.148,robot_2,EV_rotate_counterclockwise,EV_path_clear,CLEAR
187.344,robot_2,EV_u_turn,EV_blue_not_visible|EV_path_clear|EV_red_visible|EV_green_visible,CLEAR
190.345,robot_2,EV_rotate_counterclockwise,EV_blue_visible|EV_path_clear|EV_red_not_visible|EV_green_visible,CLEAR
190.545,robot_2,EV_rotate_clockwise,EV_path_clear,CLEAR
190.744,robot_2,EV_move_backward,EV_blue_visible|EV_path_clear|EV_red_not_visible|EV_green_visible,CLEAR
191.041,robot_2,EV_search_color,EV_blue_visible|EV_path_clear|EV_red_not_visible|EV_green_not_visible,CLEAR
191.149,robot_2,EV_u_turn,EV_path_clear,CLEAR
191.241,robot_2,EV_u_turn,EV_path_clear,CLEAR
191.342,robot_2,EV_move_backward,EV_path_clear,CLEAR
191.544,robot_2,EV_rotate_clockwise,EV_blue_visible|EV_path_clear|EV_red_not_visible|EV_green_not_visible,CLEAR
191.742,robot_2,EV_rotate_clockwise,EV_path_clear,CLEAR
191.944,robot_2,EV_rotate_counterclockwise,EV_blue_visible|EV_path_clear|EV_red_not_visible|EV_green_not_visible,CLEAR
192.142,robot_2,EV_rotate_clockwise,EV_path_clear,CLEAR
192.346,robot_2,EV_move_forward,EV_blue_visible|EV_path_clear|EV_red_not_visible|EV_green_not_visible,CLEAR
192.645,robot_2,EV_move_forward,EV_blue_visible|EV_path_clear|EV_red_not_visible|EV_green_not_visible,CLEAR
192.846,robot_2,EV_search_color,EV_path_clear,CLEAR
195.650,robot_2,EV_search_color,EV_blue_visible|EV_path_clear|EV_red_not_visible|EV_green_not_visible,CLEAR
195.844,robot_2,EV_move_backward,EV_blue_visible|EV_path_clear|EV_red_not_visible|EV_green_not_visible,CLEAR
196.145,robot_2,EV_u_turn,EV_path_clear,CLEAR
199.155,robot_2,EV_move_forward,EV_blue_not_visible|EV_path_clear|EV_red_visible|EV_green_visible,CLEAR
199.442,robot_2,EV_move_backward,EV_blue_not_visible|EV_path_clear,CLEAR
199.644,robot_2,EV_search_color,EV_blue_not_visible|EV_path_clear|EV_red_visible|EV_green_visible,CLEAR
199.747,robot_2,EV_search_color,EV_path_clear,CLEAR
199.942,robot_2,EV_search_color,EV_blue_not_visible|EV_path_clear|EV_red_not_visible|EV_green_visible,CLEAR
200.143,robot_2,EV_rotate_counterclockwise,EV_path_clear,CLEAR
200.244,robot_2,EV_rotate_clockwise,EV_path_clear,CLEAR
200.441,robot_2,EV_search_color,EV_blue_not_visible|EV_path_clear|EV_red_not_visible|EV_green_visible,CLEAR
200.640,robot_2,EV_move_forward,EV_path_clear,CLEAR
200.944,robot_2,EV_u_turn,EV_blue_not_visible|EV_path_clear|EV_red_not_visible|EV_green_visible,CLEAR
201.047,robot_2,EV_u_turn,EV_path_clear,CLEAR
201.142,robot_2,EV_u_turn,EV_path_clear,CLEAR
201.244,robot_2,EV_search_color,EV_path_clear,CLEAR
201.444,robot_2,EV_rotate_clockwise,EV_blue_visible|EV_path_clear|EV_red_not_visible|EV_green_not_visible,CLEAR
201.644,robot_2,EV_u_turn,EV_blue_visible|EV_path_clear|EV_red_not_visible|EV_green_not_visible,CLEAR
204.841,robot_2,EV_move_backward,EV_blue_not_visible|EV_path_clear|EV_red_not_visible|EV_green_not_visible,CLEAR
205.043,robot_2,EV_rotate_counterclockwise,EV_path_clear,CLEAR
205.147,robot_2,EV_search_color,EV_blue_not_visible|EV_path_clear|EV_red_visible|EV_green_not_visible,CLEAR
205.346,robot_2,EV_rotate_clockwise,EV_path_clear,CLEAR
205.540,robot_2,EV_move_backward,EV_blue_not_visible|EV_path_clear|EV_red_visible|EV_green_not_visible,CLEAR
205.747,robot_2,EV_move_forward,EV_path_clear,CLEAR
205.949,robot_2,EV_rotate_clockwise,EV_path_clear,CLEAR
206.144,robot_2,EV_move_forward,EV_blue_not_visible|EV_path_clear|EV_red_visible|EV_green_not_visible,CLEAR
206.354,robot_2,EV_move_backward,EV_path_clear,CLEAR
206.646,robot_2,EV_approach_color,EV_blue_not_visible|EV_path_clear|EV_red_visible|EV_green_not_visible,CLEAR
206.950,robot_2,EV_move_forward,EV_blue_not_visible|EV_path_clear|EV_red_visible|EV_green_not_visible,CLEAR
207.243,robot_2,EV_search_color,EV_path_clear,CLEAR
207.348,robot_2,EV_search_color,EV_path_clear,CLEAR
207.456,robot_2,EV_move_forward,EV_blue_not_visible|EV_path_clear|EV_red_visible|EV_green_not_visible,CLEAR
207.744,robot_2,EV_search_color,EV_path_clear,CLEAR
207.849,robot_2,EV_move_forward,EV_path_clear,CLEAR
208.144,robot_2,EV_u_turn,EV_blue_not_visible|EV_path_clear|EV_red_visible|EV_green_not_visible,CLEAR
211.445,robot_2,EV_move_backward,EV_blue_not_visible|EV_path_clear|EV_red_not_visible|EV_green_visible,CLEAR
211.746,robot_2,EV_rotate_counterclockwise,EV_blue_visible|EV_path_clear|EV_red_not_visible|EV_green_visible,CLEAR
211.942,robot_2,EV_move_backward,EV_path_clear|EV_red_not_visible,CLEAR
212.247,robot_2,EV_rotate_clockwise,EV_blue_visible|EV_path_clear|EV_green_visible,CLEAR
212.446,robot_2,EV_rotate_counterclockwise,EV_blue_visible|EV_path_clear|EV_red_not_visible|EV_green_not_visible,CLEAR
212.643,robot_2,EV_rotate_counterclockwise,EV_path_clear,CLEAR
212.841,robot_2,EV_approach_color,EV_blue_visible|EV_path_clear|EV_red_not_visible|EV_green_not_visible,CLEAR
213.048,robot_2,EV_move_forward,EV_path_clear,CLEAR
213.342,robot_2,EV_search_color,EV_blue_visible|EV_path_clear|EV_red_not_visible|EV_green_not_visible,CLEAR
213.445,robot_2,EV_approach_color,EV_path_clear,CLEAR
213.744,robot_2,EV_approach_color,EV_blue_visible|EV_path_clear|EV_red_not_visible|EV_green_not_visible,CLEAR
214.041,robot_2,EV_search_color,EV_path_clear,CLEAR
214.241,robot_2,EV_rotate_counterclockwise,EV_blue_visible|EV_path_clear|EV_red_not_visible|EV_green_not_visible,CLEAR
214.450,robot_2,EV_move_backward,EV_path_clear,CLEAR
214.747,robot_2,EV_search_color,EV_blue_visible|EV_path_clear|EV_red_not_visible|EV_green_not_visible,CLEAR
214.950,robot_2,EV_u_turn,EV_path_clear,CLEAR
217.949,robot_2,EV_u_turn,EV_blue_not_visible|EV_path_clear|EV_red_visible|EV_green_not_visible,CLEAR
218.048,robot_2,EV_search_color,EV_blue_not_visible|EV_path_clear|EV_red_visible|EV_green_not_visible,CLEAR
218.248,robot_2,EV_u_turn,EV_path_clear,CLEAR
218.356,robot_2,EV_u_turn,EV_path_clear,CLEAR
218.444,robot_2,EV_move_backward,EV_blue_not_visible|EV_path_clear|EV_red_visible|EV_green_visible,CLEAR
218.740,robot_2,EV_search_color,EV_path_clear,CLEAR
218.943,robot_2,EV_move_forward,EV_blue_not_visible|EV_path_clear|EV_red_visible|EV_green_visible,CLEAR
219.147,robot_2,EV_search_color,EV_path_clear,CLEAR
219.340,robot_2,EV_search_color,EV_blue_not_visible|EV_path_clear|EV_red_visible|EV_green_visible,CLEAR
219.449,robot_2,EV_approach_color,EV_path_clear,CLEAR
219.740,robot_2,EV_rotate_counterclockwise,EV_blue_not_visible|EV_path_clear|EV_red_visible|EV_green_visible,CLEAR
219.941,robot_2,EV_rotate_counterclockwise,EV_path_clear,CLEAR
220.044,robot_2,EV_rotate_counterclockwise,EV_path_clear,CLEAR
220.240,robot_2,EV_u_turn,EV_blue_not_visible|EV_path_clear|EV_red_not_visible|EV_green_visible,CLEAR
223.144,robot_2,EV_rotate_counterclockwise,EV_blue_visible|EV_path_clear|EV_red_not_visible|EV_green_not_visible,CLEAR
223.245,robot_2,EV_approach_color,EV_path_clear,CLEAR
223.541,robot_2,EV_approach_color,EV_blue_visible|EV_path_clear|EV_red_not_visible|EV_green_not_visible,CLEAR
223.840,robot_2,EV_search_color,EV_blue_visible|EV_path_clear|EV_red_not_visible|EV_green_not_visible,CLEAR
224.048,robot_2,EV_move_backward,EV_path_clear,CLEAR
224.349,robot_2,EV_move_backward,EV_blue_not_visible|EV_path_clear|EV_red_not_visible|EV_green_not_visible,CLEAR
224.640,robot_2,EV_move_forward,EV_blue_not_visible|EV_path_clear|EV_red_not_visible|EV_green_not_visible,CLEAR
224.845,robot_2,EV_search_color,EV_path_clear,CLEAR
225.044,robot_2,EV_approach_color,EV_path_clear,CLEAR
225.245,robot_2,EV_approach_color,EV_blue_not_visible|EV_path_clear|EV_red_not_visible|EV_green_not_visible,CLEAR
225.451,robot_2,EV_move_forward,EV_blue_not_visible|EV_path_clear|EV_red_not_visible|EV_green_not_visible,CLEAR
225.741,robot_2,EV_u_turn,EV_path_clear,CLEAR
228.841,robot_2,EV_approach_color,EV_blue_not_visible|EV_path_clear|EV_red_visible|EV_green_visible,CLEAR
229.046,robot_2,EV_u_turn,EV_path_clear,CLEAR
229.149,robot_2,EV_search_color,EV_path_clear,CLEAR
229.253,robot_2,EV_rotate_clockwise,EV_blue_not_visible|EV_path_clear|EV_red_visible|EV_green_visible,CLEAR
229.442,robot_2,EV_rotate_clockwise,EV_path_clear,CLEAR
229.542,robot_2,EV_approach_color,EV_path_clear,CLEAR
229.754,robot_2,EV_approach_color,EV_blue_not_visible|EV_path_clear|EV_red_visible|EV_green_visible,CLEAR
230.044,robot_2,EV_rotate_clockwise,EV_path_clear,CLEAR
230.246,robot_2,EV_move_backward,EV_blue_not_visible|EV_path_clear|EV_red_not_visible|EV_green_visible,CLEAR
230.546,robot_2,EV_rotate_clockwise,EV_blue_not_visible|EV_path_clear|EV_red_not_visible|EV_green_visible,CLEAR
230.745,robot_2,EV_u_turn,EV_path_clear,CLEAR
230.847,robot_2,EV_move_forward,EV_blue_not_visible|EV_path_clear|EV_red_not_visible|EV_green_visible,CLEAR
231.141,robot_2,EV_move_backward,EV_path_clear,CLEAR
231.445,robot_2,EV_u_turn,EV_blue_not_visible|EV_path_clear|EV_red_visible|EV_green_visible,CLEAR
234.461,robot_2,EV_move_backward,EV_blue_visible|EV_path_clear|EV_red_not_visible|EV_green_visible,CLEAR
234.747,robot_2,EV_rotate_counterclockwise,EV_path_clear,CLEAR
234.947,robot_2,EV_move_backward,EV_blue_visible|EV_path_clear|EV_red_not_visible|EV_green_not_visible,CLEAR
235.240,robot_2,EV_rotate_clockwise,EV_path_clear|EV_red_not_visible,CLEAR
235.344,robot_2,EV_u_turn,EV_blue_visible|EV_path_clear|EV_green_not_visible,CLEAR
235.450,robot_2,EV_u_turn,EV_path_clear,CLEAR
235.547,robot_2,EV_u_turn,EV_path_clear,CLEAR
235.643,robot_2,EV_approach_color,EV_path_clear,CLEAR
235.951,robot_2,EV_u_turn,EV_blue_visible|EV_path_clear|EV_red_not_visible|EV_green_not_visible,CLEAR
236.049,robot_2,EV_move_forward,EV_path_clear,CLEAR
236.342,robot_2,EV_rotate_clockwise,EV_blue_visible|EV_path_clear|EV_red_not_visible|EV_green_not_visible,CLEAR
236.544,robot_2,EV_move_forward,EV_blue_visible|EV_path_clear|EV_red_not_visible|EV_green_not_visible,CLEAR
236.845,robot_2,EV_u_turn,EV_path_clear,CLEAR
239.947,robot_2,EV_rotate_clockwise,EV_blue_not_visible|EV_path_clear|EV_red_visible|EV_green_not_visible,CLEAR
240.143,robot_2,EV_search_color,EV_path_clear,CLEAR
240.244,robot_2,EV_search_color,EV_path_clear,CLEAR
240.444,robot_2,EV_move_forward,EV_blue_not_visible|EV_path_clear|EV_red_visible|EV_green_not_visible,CLEAR
240.743,robot_2,EV_search_color,EV_blue_not_visible|EV_path_clear|EV_red_visible|EV_green_visible,CLEAR
240.945,robot_2,EV_rotate_counterclockwise,EV_path_clear,CLEAR
241.146,robot_2,EV_u_turn,EV_blue_not_visible|EV_path_clear|EV_red_visible|EV_green_visible,CLEAR
241.240,robot_2,EV_approach_color,EV_path_clear,CLEAR
241.448,robot_2,EV_rotate_counterclockwise,EV_path_clear,CLEAR
241.640,robot_2,EV_rotate_clockwise,EV_blue_not_visible|EV_path_clear|EV_red_visible|EV_green_visible,CLEAR
241.844,robot_2,EV_u_turn,EV_path_clear,CLEAR
241.941,robot_2,EV_rotate_counterclockwise,EV_path_clear,CLEAR
242.051,robot_2,EV_search_color,EV_blue_not_visible|EV_path_clear|EV_red_visible|EV_green_visible,CLEAR
242.242,robot_2,EV_search_color,EV_path_clear,CLEAR
242.440,robot_2,EV_approach_color,EV_blue_not_visible|EV_path_clear|EV_red_visible|EV_green_visible,CLEAR
242.643,robot_2,EV_move_backward,EV_path_clear,CLEAR
242.844,robot_2,EV_rotate_clockwise,EV_blue_not_visible|EV_path_clear|EV_red_visible|EV_green_visible,CLEAR
243.045,robot_2,EV_u_turn,EV_path_clear,CLEAR
246.350,robot_2,EV_move_forward,EV_blue_visible|EV_path_clear|EV_red_not_visible|EV_green_not_visible,CLEAR
246.641,robot_2,EV_move_backward,EV_blue_visible|EV_path_clear|EV_red_not_visible|EV_green_not_visible,CLEAR
246.950,robot_2,EV_move_forward,EV_path_clear|EV_red_not_visible|EV_green_not_visible,CLEAR
247.249,robot_2,EV_u_turn,EV_blue_visible|EV_path_clear,CLEAR
247.345,robot_2,EV_rotate_clockwise,EV_blue_visible|EV_path_clear|EV_red_not_visible|EV_green_not_visible,CLEAR
247.548,robot_2,EV_rotate_counterclockwise,EV_path_clear,CLEAR
247.743,robot_2,EV_move_forward,EV_path_clear,CLEAR
247.943,robot_2,EV_move_forward,EV_blue_not_visible|EV_path_clear|EV_red_not_visible|EV_green_not_visible,CLEAR
248.149,robot_2,EV_approach_color,EV_blue_not_visible|EV_path_clear|EV_red_not_visible|EV_green_not_visible,CLEAR
248.448,robot_2,EV_approach_color,EV_path_clear,CLEAR
248.742,robot_2,EV_search_color,EV_blue_not_visible|EV_path_clear|EV_red_not_visible|EV_green_not_visible,CLEAR
248.843,robot_2,EV_approach_color,EV_path_clear,CLEAR
249.050,robot_2,EV_search_color,EV_blue_not_visible|EV_path_clear|EV_red_not_visible|EV_green_not_visible,CLEAR
249.240,robot_2,EV_u_turn,EV_path_clear,CLEAR
252.243,robot_2,EV_rotate_clockwise,EV_blue_not_visible|EV_path_clear|EV_red_visible|EV_green_not_visible,CLEAR
252.348,robot_2,EV_move_backward,EV_blue_not_visible|EV_path_clear|EV_red_visible|EV_green_visible,CLEAR
252.646,robot_2,EV_move_forward,EV_path_clear,CLEAR
252.941,robot_2,EV_rotate_clockwise,EV_blue_not_visible|EV_path_clear|EV_red_visible|EV_green_visible,CLEAR
253.140,robot_2,EV_move_backward,EV_blue_not_visible|EV_path_clear|EV_red_visible|EV_green_visible,CLEAR
253.449,robot_2,EV_move_forward,EV_path_clear,CLEAR
253.743,robot_2,EV_u_turn,EV_blue_not_visible|EV_path_clear|EV_red_visible|EV_green_visible,CLEAR
253.845,robot_2,EV_move_forward,EV_path_clear,CLEAR
254.145,robot_2,EV_u_turn,EV_blue_not_visible|EV_path_clear|EV_red_not_visible|EV_green_visible,CLEAR
254.243,robot_2,EV_move_backward,EV_path_clear,CLEAR
254.541,robot_2,EV_approach_color,EV_blue_not_visible|EV_path_clear|EV_red_not_visible|EV_green_visible,CLEAR
254.744,robot_2,EV_u_turn,EV_path_clear,CLEAR
257.846,robot_2,EV_move_forward,EV_blue_visible|EV_path_clear|EV_red_not_visible|EV_green_not_visible,CLEAR
258.151,robot_2,EV_rotate_clockwise,EV_path_clear,CLEAR
258.346,robot_2,EV_move_backward,EV_blue_visible|EV_path_clear|EV_red_not_visible|EV_green_not_visible,CLEAR
258.644,robot_2,EV_u_turn,EV_path_clear,CLEAR
258.743,robot_2,EV_approach_color,EV_blue_visible|EV_path_clear|EV_red_not_visible|EV_green_not_visible,CLEAR
259.042,robot_2,EV_rotate_counterclockwise,EV_path_clear,CLEAR
259.148,robot_2,EV_move_backward,EV_blue_visible|EV_path_clear|EV_red_not_visible|EV_green_not_visible,CLEAR
259.450,robot_2,EV_rotate_counterclockwise,EV_path_clear,CLEAR
259.641,robot_2,EV_move_forward,EV_blue_not_visible|EV_path_clear|EV_red_not_visible|EV_green_not_visible,CLEAR
259.849,robot_2,EV_move_forward,EV_path_clear,CLEAR
260.053,robot_2,EV_search_color,EV_blue_not_visible|EV_path_clear|EV_red_not_visible|EV_green_not_visible,CLEAR
260.240,robot_2,EV_rotate_clockwise,EV_path_clear,CLEAR
260.344,robot_2,EV_move_forward,EV_path_clear,CLEAR
260.642,robot_2,EV_rotate_counterclockwise,EV_blue_not_visible|EV_path_clear|EV_red_not_visible|EV_green_not_visible,CLEAR
260.841,robot_2,EV_approach_color,EV_blue_not_visible|EV_path_clear|EV_red_not_visible|EV_green_not_visible,CLEAR
261.147,robot_2,EV_approach_color,EV_path_clear,CLEAR
261.444,robot_2,EV_approach_color,EV_blue_not_visible|EV_path_clear|EV_red_not_visible|EV_green_not_visible,CLEAR
261.652,robot_2,EV_search_color,EV_blue_not_visible|EV_path_clear|EV_red_not_visible|EV_green_not_visible,CLEAR
261.846,robot_2,EV_rotate_counterclockwise,EV_path_clear,CLEAR
262.053,robot_2,EV_u_turn,EV_path_clear,CLEAR
265.245,robot_2,EV_approach_color,EV_blue_not_visible|EV_path_clear|EV_red_visible|EV_green_visible,CLEAR
265.548,robot_2,EV_approach_color,EV_blue_not_visible|EV_path_clear|EV_red_visible|EV_green_visible,CLEAR
265.852,robot_2,EV_u_turn,EV_path_clear,CLEAR
265.948,robot_2,EV_move_backward,EV_path_clear,CLEAR
266.246,robot_2,EV_rotate_counterclockwise,EV_blue_not_visible|EV_path_clear|EV_red_visible|EV_green_visible,CLEAR
266.451,robot_2,EV_rotate_counterclockwise,EV_blue_not_visible|EV_path_clear|EV_red_visible|EV_green_visible,CLEAR
266.643,robot_2,EV_rotate_counterclockwise,EV_path_clear,CLEAR
266.842,robot_2,EV_u_turn,EV_path_clear,CLEAR
266.942,robot_2,EV_move_forward,EV_blue_not_visible|EV_path_clear|EV_red_visible|EV_green_visible,CLEAR
267.249,robot_2,EV_rotate_counterclockwise,EV_path_clear,CLEAR
267.441,robot_2,EV_approach_color,EV_blue_not_visible|EV_path_clear|EV_red_visible|EV_green_visible,CLEAR
267.741,robot_2,EV_rotate_counterclockwise,EV_blue_not_visible|EV_path_clear|EV_red_visible|EV_green_visible,CLEAR
267.945,robot_2,EV_rotate_clockwise,EV_path_clear,CLEAR
268.153,robot_2,EV_rotate_counterclockwise,EV_path_clear,CLEAR
268.344,robot_2,EV_move_forward,EV_blue_not_visible|EV_path_clear|EV_red_visible|EV_green_visible,CLEAR
268.655,robot_2,EV_u_turn,EV_path_clear,CLEAR
272.047,robot_2,EV_move_forward,EV_blue_visible|EV_path_clear|EV_red_not_visible|EV_green_not_visible,CLEAR
272.354,robot_2,EV_approach_color,EV_path_clear,CLEAR
272.642,robot_2,EV_move_forward,EV_blue_visible|EV_path_clear|EV_red_not_visible|EV_green_not_visible,CLEAR
272.854,robot_2,EV_move_backward,EV_path_clear,CLEAR
273.149,robot_2,EV_approach_color,EV_blue_not_visible|EV_path_clear|EV_red_not_visible|EV_green_not_visible,CLEAR
273.369,robot_2,EV_approach_color,EV_path_clear,CLEAR
273.647,robot_2,EV_u_turn,EV_blue_not_visible|EV_path_clear|EV_red_not_visible|EV_green_not_visible,CLEAR
273.750,robot_2,EV_approach_color,EV_path_clear,CLEAR
273.961,robot_2,EV_rotate_clockwise,EV_blue_not_visible|EV_path_clear|EV_red_not_visible|EV_green_not_visible,CLEAR
274.145,robot_2,EV_search_color,EV_path_clear,CLEAR
274.247,robot_2,EV_rotate_counterclockwise,EV_path_clear,CLEAR
274.359,robot_2,EV_search_color,EV_path_clear,CLEAR
274.545,robot_2,EV_approach_color,EV_blue_not_visible|EV_path_clear|EV_red_not_visible|EV_green_not_visible,CLEAR
274.841,robot_2,EV_move_backward,EV_path_clear,CLEAR
275.046,robot_2,EV_move_forward,EV_blue_not_visible|EV_path_clear|EV_red_not_visible|EV_green_not_visible,CLEAR
275.346,robot_2,EV_approach_color,EV_blue_not_visible|EV_path_clear|EV_red_not_visible|EV_green_not_visible,CLEAR
275.547,robot_2,EV_move_backward,EV_path_clear,CLEAR
275.845,robot_2,EV_move_forward,EV_blue_not_visible|EV_path_clear|EV_red_not_visible|EV_green_not_visible,CLEAR
276.143,robot_2,EV_move_forward,EV_path_clear,CLEAR
276.343,robot_2,EV_move_forward,EV_blue_not_visible|EV_path_clear|EV_red_not_visible|EV_green_not_visible,CLEAR
276.641,robot_2,EV_rotate_clockwise,EV_blue_not_visible|EV_path_clear|EV_red_not_visible|EV_green_not_visible,CLEAR
276.743,robot_2,EV_rotate_clockwise,EV_path_clear,CLEAR
276.942,robot_2,EV_rotate_counterclockwise,EV_path_clear,CLEAR
277.145,robot_2,EV_move_forward,EV_blue_not_visible|EV_path_clear|EV_red_not_visible|EV_green_not_visible,CLEAR
277.445,robot_2,EV_u_turn,EV_blue_not_visible|EV_path_clear|EV_red_not_visible|EV_green_not_visible,CLEAR
280.444,robot_2,EV_move_forward,EV_blue_not_visible|EV_path_clear|EV_red_visible|EV_green_visible,CLEAR
280.646,robot_2,EV_rotate_clockwise,EV_blue_not_visible|EV_path_clear|EV_red_visible|EV_green_visible,CLEAR
280.850,robot_2,EV_move_backward,EV_path_clear,CLEAR
281.141,robot_2,EV_rotate_clockwise,EV_blue_not_visible|EV_path_clear|EV_red_visible|EV_green_visible,CLEAR
281.340,robot_2,EV_rotate_counterclockwise,EV_path_clear,CLEAR
281.443,robot_2,EV_move_forward,EV_path_clear,CLEAR
281.755,robot_2,EV_approach_color,EV_blue_not_visible|EV_path_clear|EV_red_visible|EV_green_visible,CLEAR
282.043,robot_2,EV_rotate_clockwise,EV_blue_not_visible|EV_path_clear|EV_red_visible|EV_green_visible,CLEAR
282.245,robot_2,EV_move_backward,EV_path_clear,CLEAR
282.545,robot_2,EV_approach_color,EV_blue_not_visible|EV_path_clear|EV_red_visible|EV_green_visible,CLEAR
282.757,robot_2,EV_rotate_clockwise,EV_blue_not_visible|EV_path_clear|EV_red_visible|EV_green_visible,CLEAR
282.947,robot_2,EV_rotate_counterclockwise,EV_path_clear,CLEAR
283.060,robot_2,EV_move_forward,EV_path_clear,CLEAR
283.343,robot_2,EV_u_turn,EV_blue_not_visible|EV_path_clear|EV_red_visible|EV_green_visible,CLEAR
286.650,robot_2,EV_search_color,EV_blue_visible|EV_path_clear|EV_red_visible|EV_green_visible,CLEAR
286.846,robot_2,EV_approach_color,EV_blue_visible|EV_path_clear|EV_red_not_visible|EV_green_visible,CLEAR
287.147,robot_2,EV_approach_color,EV_path_clear,CLEAR
287.447,robot_2,EV_move_backward,EV_blue_visible|EV_path_clear|EV_red_not_visible|EV_green_visible,CLEAR
287.743,robot_2,EV_u_turn,EV_blue_visible|EV_path_clear|EV_red_not_visible|EV_green_not_visible,CLEAR
287.840,robot_2,EV_rotate_counterclockwise,EV_path_clear,CLEAR
288.042,robot_2,EV_rotate_counterclockwise,EV_path_clear,CLEAR
288.147,robot_2,EV_move_backward,EV_blue_visible|EV_path_clear|EV_red_not_visible|EV_green_not_visible,CLEAR
288.440,robot_2,EV_approach_color,EV_path_clear,CLEAR
288.644,robot_2,EV_rotate_clockwise,EV_blue_visible|EV_path_clear|EV_red_not_visible|EV_green_not_visible,CLEAR
288.745,robot_2,EV_approach_color,EV_path_clear,CLEAR
288.946,robot_2,EV_u_turn,EV_blue_visible|EV_path_clear|EV_red_not_visible|EV_green_not_visible,CLEAR
292.043,robot_2,EV_rotate_counterclockwise,EV_blue_not_visible|EV_path_clear|EV_red_visible|EV_green_not_visible,CLEAR
292.250,robot_2,EV_approach_color,EV_path_clear,CLEAR
292.543,robot_2,EV_approach_color,EV_blue_not_visible|EV_path_clear|EV_red_visible|EV_green_not_visible,CLEAR
292.851,robot_2,EV_approach_color,EV_blue_not_visible|EV_path_clear|EV_red_visible|EV_green_not_visible,CLEAR
293.140,robot_2,EV_rotate_counterclockwise,EV_path_clear,CLEAR
293.241,robot_2,EV_move_backward,EV_blue_not_visible|EV_path_clear|EV_red_visible|EV_green_visible,CLEAR
293.452,robot_2,EV_u_turn,EV_path_clear,CLEAR
293.542,robot_2,EV_search_color,EV_path_clear,CLEAR
293.651,robot_2,EV_search_color,EV_blue_not_visible|EV_path_clear|EV_red_visible|EV_green_visible,CLEAR
293.753,robot_2,EV_approach_color,EV_path_clear,CLEAR
294.047,robot_2,EV_rotate_counterclockwise,EV_blue_not_visible|EV_path_clear|EV_red_visible|EV_green_visible,CLEAR
294.240,robot_2,EV_u_turn,EV_path_clear,CLEAR
294.340,robot_2,EV_move_forward,EV_path_clear,CLEAR
294.551,robot_2,EV_move_forward,EV_path_clear,CLEAR
294.845,robot_2,EV_u_turn,EV_blue_not_visible|EV_path_clear|EV_red_visible|EV_green_visible,CLEAR
